7.876374477005296804e-01 2.178118821828355367e-01 -1.076674640214396743e-17 1.596321537937280384e-17 3.334327214411748120e-17 3.850528972809599000e-17 3.526754790934700694e-17 -1.358142436891331205e-17 1.464699090116150531e-17 1.758463350470427902e-17
2.178118821828355367e-01 4.959612060149763968e-01 -2.324641039264484510e-01 1.287254784540602816e-17 1.067366728275910126e-16 2.426964184159421900e-17 -1.259001938482575678e-17 5.561643079933585034e-17 8.910214700516113480e-18 -8.608913919817447191e-18
0.000000000000000000e+00 -2.324641039264484232e-01 4.805828664017453566e-01 -2.667758022848723543e-01 3.676776875739377023e-17 -6.120247873628947728e-18 9.280141658511574541e-17 3.596816221947601462e-17 -8.866450149762791065e-18 -5.331058615948133866e-17
0.000000000000000000e+00 0.000000000000000000e+00 -2.667758022848723543e-01 6.501343135519142002e-01 -2.337202119218020901e-01 -2.555291223465550100e-17 -1.568831602815726788e-16 -7.089438365009695771e-17 -4.711549694812632042e-17 -6.238528853067204042e-17
0.000000000000000000e+00 0.000000000000000000e+00 0.000000000000000000e+00 -2.337202119218021457e-01 4.594856811508213901e-01 2.066366833462439656e-01 4.767813800532383014e-17 -2.719176474908751162e-17 -3.343363702359621273e-17 -5.629859616766348518e-21
0.000000000000000000e+00 0.000000000000000000e+00 0.000000000000000000e+00 0.000000000000000000e+00 2.066366833462441599e-01 5.997895988577317539e-01 1.703980583891926415e-01 -8.421176626508454320e-17 5.595222990616825660e-17 -6.497846546315426740e-17
0.000000000000000000e+00 0.000000000000000000e+00 0.000000000000000000e+00 0.000000000000000000e+00 0.000000000000000000e+00 1.703980583891925582e-01 4.619649099019473293e-01 2.040215426994365089e-01 1.009246904811890444e-16 8.859308788579272116e-17
0.000000000000000000e+00 0.000000000000000000e+00 0.000000000000000000e+00 0.000000000000000000e+00 0.000000000000000000e+00 0.000000000000000000e+00 2.040215426994365644e-01 4.976515129718385166e-01 7.808961822384757889e-02 3.469446951953614189e-17
0.000000000000000000e+00 0.000000000000000000e+00 0.000000000000000000e+00 0.000000000000000000e+00 0.000000000000000000e+00 0.000000000000000000e+00 0.000000000000000000e+00 7.808961822384759277e-02 6.636362859416160553e-01 2.879112166134789597e-02
0.000000000000000000e+00 0.000000000000000000e+00 0.000000000000000000e+00 0.000000000000000000e+00 0.000000000000000000e+00 0.000000000000000000e+00 0.000000000000000000e+00 0.000000000000000000e+00 2.879112166134784045e-02 4.031561775068811526e-01
